45.864
-101.837
8.0073
8.07141
1.81781
-3.67619
-102.696
9.02191
-16.9801
-25.2218
-19.8245
14.5509
13.5618
-16.915
-7.94187
-3.34573
-14.9787
-13.4
-3.39612
6.51165
-4.18995
3.30671
-0.735127
-1.76842
-43.4952
-26.4193
-4.07549
15.1031
14.2858
92.7679
16.2877
-66.6684
0.318849
30.7187
-23.037
-13.4909
8.02435
52.725
7.53631
-36.8765
-0.0751946
-0.0453352
-0.0911802
-0.0851436
0.472421
0.271326
-0.262564
-0.128712
1.38928
-2.59865
-1.40708
-0.917669
-0.371338
0.847914
-0.0701768
0.491787
0.365293
-0.107185
-0.233343
0.523928
-1.85108
-0.823551
-0.711778
-0.267237
0.655607
0.329727
-0.930482
-9.3483
3.92819
4.29514
-12.2172
-3.02524
5.67124
5.68332
1.95301
-5.70885
-0.510425
