126.5
66.51
0.1
46
23719
1279
71
57.94
11.5
60
31333
1295
134.5
64.5
0.1
55
30441
1817
70
62.09
6
51
26675
0.1
131
60.75
7.5
62
30973
1394
64.5
59.26
0.1
51
27583
1673
130
60.66
10
44
21878
887
62
66.76
0.1
42
21629
319
123
62.93
7
60
29847
1643
72.5
58.79
4
53
27443
1540
132
68.09
0.1
46
21629
1702
65
62.88
8
40
23820
1072
139
60.61
0.1
58
31462
1370
60.5
57.25
8
61
3012
1630
136.5
62.58
0.1
60
32749
1253
77
53.47
0.1
46
27206
648
130
61.48
8.5
74
37553
1326
77
60.85
0.1
49
25864
1280
132.5
63.88
0.1
60
31524
1705
74
58.17
7
42
23131
1020
130.5
59.33
0.1
72
36797
2124
78
60.39
0.1
45
25610
1291
120
57.13
9.00
61
31954
1750
68
59.59
8
44
23967
1137
124.5
60.21
0.1
54
28954
752
78
59.77
0.1
45
23149
409
121.5
61.69
0.1
72
37499
0.1
68
68.93
0.1
27
14165
806
128
61.85
7.00
58
30180
1313
72.5
68.89
0.1
30
15176
1240
126
58.64
0.1
61
32544
0.1
74
56.38
0.1
52
26092
570
116.5
58.7
5.00
52
30316
0.1
58.00 
57.36 
0.1
43 
20296 
0.1
129
57.92
0.1
60
32260
0.1
69.00 
56.25 
6.00 
52 
26603 
0.1
130.5
57.08
0.1
57
28717
0.1
76.00 
55.82 
0.1
55 
28405 
0.1
127
55.22
0.1
70
38230
1345
60.50
56.95 
0.1
49 
25633 
0.1
129
65.25
0.1
48
24605
1358
66.00 
55.55 
4.00 
64 
33841 
0.1
126
61.45
0.1
51
27056
1875
60.00 
58.25 
6.00 
42 
22824 
0.1
140.5
62.45
0.1
47
29163
1330
73.50 
56.46 
4.50 
62 
31717 
0.1
123
58.8
9.50
79
39876
0.1
61.50 
59.19 
4.50 
46 
25331 
0.1
119.5
58.64
8.50
73
41844
0.1
63.50 
59.02 
5.50 
57 
29264 
0.1
128.5
65
4.5
61
33621
811
113
63.26
0.1
44
23670
1302
58.00 
61.97 
5.00 
70 
35549 
0.1
129
58.14
0.1
52
29193
880
127
70.73
0.1
48
25550
1481
56.00 
55.12 
0.1
44 
22771 
639 
122.5
63.28
0.1
56
29486
1634
132
62.93
5.00
65
34501
0.1
62.00 
60.51 
0.1
45 
24051 
0.1
114.5
57.74
0.1
66
36031
0.1
132
58.08
8.00
81
42521
0.1
60.00 
55.75 
6.00 
44 
23885 
0.1
129
65.67
0.1
68
35018
2082
124
56.48
7.50
68
35579
786
62.00 
58.66 
6.00 
54 
29723 
0.1
125
63.7
0.1
56
31295
1658
124
57.81
9.00
79
42829
0.1
55.50 
62.50 
0.1
49 
24628 
1415 
120
58.43
0.1
70
37143
0.1
132.5
59.12
7.00
78
40453
0.1
58.00 
55.75 
0.1
36 
18923 
987 
118
58.34
5.50
62
33472
0.1
121
57.93
0.1
69
34799
0.1
58.00 
59.82 
0.1
48 
24401 
0.1
110
54.1
0.1
64
37108
0.1
126
57.35
0.1
63
31519
232
82.50 
58.48 
8.00 
54 
28347 
1009 
118
58.84
5.00
67
37970
0.1
129
61.2
0.1
55
29849
0.1
58.00 
61
0.1
53
25000
0.1
122
62.54
8.00
79
43146
0.1
133.5
58.6
0.1
68
38265
0.1
83.00 
63.32 
0.1
42 
22519 
0
115
59.99
0.1
65
35676
0.1
126
60.23
0.1
47
25573
0.1
67.50 
57.40 
7.00 
82 
43136 
0.1
123
57.59
5.00
73
38024
0.1
122.5
59.12
0.1
63
31167
0.1
54.00 
58.89 
0.1
53 
28315 
0.1
120
57.53
0.1
68
38040
0.1
111
56.11
6.00
64
35685
0.1
77.00 
62.01 	
5.00 	
54 	
30030 	
0.1
118
59.58
0.1
60
32163
0.1
123
62.05
0.1
50
26834
681
68.00 	
59.12 	
0.1	
55 	
29341 	
0.1
128
60.85
0.1
63
35183
0.1
61.00 	
59.39 	
0.1	
47 	
25647 	
0.1
127.5
58.06
0.1
72
40523
0.1
124
62.37
0.1
52
28173
715
57.00 
58.62 	
0.1	
46 	
24138 	
0.1
126
58.36
0.1
72
38487
0.1
61.00 	
59.81 	
0.1	
71 	
37772 	
0.1
136.5
60.74
0.1
61
33403
1107
70.00 	
58.21 	
0.1	
49 	
26145 	
0.1
134.5
57.13
0.1
89
47123
2140
64.00 	
59.44 	
6.00 	
53 	
27379 	
0.1
127.5
60.54
0.1
51
32334
1582
60.50 	
59.18 	
9.50 	
52 	
27991 	
789 
131
62.41
0.1
51
25286
1187
131.5
60.14
0.1
39
21532
1271
63.00 	
63.03 	
0.1	
39 	
20428 	
0.1
130
60.50
0.1
53
24607
1162
132.5
53.11
0.1
92
47822
1186
60.00 	
61.99 	
0.1	
40 	
21399 	
0.1
130
55.49
0.1
68
33811
1372
120
58.48
8
69
34898
1259
57.00 
62.14 
0.1	
37 	
19737 	
864
129
65.67
0.1
68
35018
2082
128.5
62.50
0.1
49
26723
1155
57.00 	
56.48 	
0.1	
41 	
20750 	
850 
133.5
58.91
0.1
76
41389
0.1
60.00 	
59.48 	
4.00 	
64 	
30305 	
1057
132
60.58	
0.1
75
39462
1364
128
58.10
0.1
63
31960
1109
62.86 	
60	
0.1	
43 	
23380 	
792 
132
56.60
0.1
81
41714
859
126
59.22
1
68
36755
1043
127.5
61.18
6
65
33357
1348
62.00 	
61.96 	
0.1	
46 	
22434 	
1305 
128.5
59.13
0.1
69
36462
1274
136.5
60.74
5
61
33403
1107
102.5
67.55
0.1
56
33212
1270
128
56.46
0.1
67
36400
1257
133
61.83
0.1
59
31951
0.1
124
58.71
0.1
69
38111
0.1
129
59.86
0.1
65
34404
444
131
60.31
0.1
71
38555
909
124
55.46
0.1
82
45348
1461
127	
57.8	
0	
68	
36679	
281
121.5	
60.07	
4.5	
67	
37865	
0
74	
57.9	
0	
55	
30824	
0
76	
55.95	
7.5	
52	
29331	
0
114	
60.93	
0	
65	
32964	
1318
70	
60.9	
5.5	
47	
24862	
1510
130	
57.96	
0	
76	
42309	
1122
121.5	
56.08	
5	
67	
35212	
573
78	
55.02	
6	
57	
30338	
477
131.5	
55.72	
0	
71	
39366	
0
61	
52.47	
10.5	
60	
33088	
0
121	
57.85	
0	
72	
38766	
1011
70	
57.65	
6	
53	
29617	
263
131	
59.01	
0	
55	
30377	
0
64	
57.08	
0	
43	
23524	
839
124	
59.24	
0	
84	
39579	
935
69	
59.15	
0	
54	
28916	
0
129	
59.24	
0	
62	
31689	
886
59	
58.36	
6	
46	
27149	
1036
125.5	
57.45	
0	
76	
41861	
765
62.5	
56.66	
8	
60	
32457	
595
124	
56.6	
8	
82	
45435	
0
75	
54.05	
10.5	
73	
39212	
0
125.5	
56.15	
0	
79	
45464	
0
55.5	
56.57	
7.5	
55	
29906	
0
129.5	
58.19	
10.5	
65	
36829	
1424
59	
58.32	
5.5	
44	
34246	
0
126	
55.01	
0	
74	
37417	
321
68	
55.02	
8	
59	
29239	
0
115	
55.06	
0	
60	
31964	
471
61	
55.98	
6	
52	
28320	
0
120.5	
55.04	
0	
77	
40957	
368
65	
56.61	
9.5	
47	
25043	
1253
124.5	
57.81	
5	
43	
41697	
0
60	
58.5	
0	
57	
31051	
0
122	
58.35	
0	
64	
35300	
0
56.5	
56.69	
5.5	
55	
30963	
0
121.5	
57.28	
7	
80	
46500	
472
66	
56.55	
0	
54	
28902	
0
124.5	
54.22	
7.5	
85	
48462	
0
66.5	
53.29	
9	
62	
36523	
0
112	
57.98	
0	
74	
38853	
0
88	
57.43	
0	
66	
33763	
0
132.5	
58.37	
0	
73	
36457	
0
68.5	
56.11	
0	
59	
30375	
0
121	
56.61	
0	
80	
39244	
0
62	
56.09	
0	
65	
31855	
0
119	
55.66	
8.5	
75	
40027	
0
62	
51.26	
5.5	
67	
34768	
0
123	
53.99	
0	
70	
40353	
0
63	
53.29	
9	
62	
34616	
0
117	
56.59	
7	
73	
43383	
0
59.5	
57	
6	
61	
35112	
0
126	
56.81	
0	
75	
43043	
0
114	
55.65	
0	
82	
46864	
0
74.5	
55.96	
8.5	
59	
31374	
0
128	
57.38	
6	
67	
38635	
0
63	
55.23	
7	
61	
32738	
0
128	
56.53	
8	
72	
38415	
0
60.5	
57.03	
8	
62	
32994	
0
129	
58.09	
6.5	
70	
37745	
0
59	
58.49	
0	
59	
27712	
0
118.5	
56.96	
7	
79	
43152	
0
66.5	
56.92	
4.5	
50	
26783	
0
130	
59.28	
7	
73	
39630	
0
121	
60.67	
0	
71	
37693	
0
67	
57.36	
6.5	
51	
25117	
0
133.5	
57.29	
0	
59	
32089	
0
60	
56.42	
0	
47	
27616	
0
124	
54.59	
7.5	
81	
42239	
0
65	
52.23	
5	
71	
36892	
0
127	
57.97	
7	
76	
41780	
0
61.5	
56.67	
8	
49	
27390	
0
122	
57.3	
0	
77	
44182	
0
64.5	
56.66	
0	
51	
28587	
0
62	
57	
6	
65	
35185	
0
129.5	
58.77	
8	
86	
45486	
0
136.5	
57.93	
8	
64	
34554	
0
61.5	
58.26	
5	
63	
34989	
0
130.5	
56.31	
0	
75	
38883	
0
58	
56.31	
0	
60	
32794	
0
118	
56.16	
0	
72	
40147	
0
68	
55.43	
0	
58	
31783	
0
120	
61.22	
0	
44	
25409	
0
74.5	
60.81	
9.5	
54	
29480	
0
134	
56.34	
7	
89	
45906	
0
60	
58.64	
8	
73	
38408	
0
117.5	
59.88	
0	
55	
29313	
0
71	
63.32	
0	
49	
25262	
964
128	
58.38	
0	
63	
34649	
0
60	
58.78	
12	
49	
27487	
0
124.5	
59.85	
0	
74	
39847	
0
71	
59.34	
7.5	
61	
32004	
0
122	
60.66	
5.5	
65	
31317	
0
74	
62.36	
6.5	
40	
22812	
0
126	
59.65	
8.5	
69	
37536	
0
62	
61.03	
8	
55	
29509	
0
124	
58.73	
8	
75	
41132	
0
62.5	
60.48	
0	
41	
20296	
0
116	
59.14	
0	
71	
39138	
0
63	
59.07	
0	
43	
22354	
0
126	
58.6	
8	
78	
44528	
0
57	
60.37	
6.5	
48	
26523	
0
123	
56.76	
0	
61	
30602	
0
69.5	
57.65	
0	
52	
27727	
0
131	
59.09	
5	
79	
40449	
0
133	
59.15	
0	
65	
33801	
0
56	
59	
0	
40	
21075	
0
128.5	
60.66	
0	
59	
32870	
0
61.5	
59.21	
5.5	
53	
28748	
0
114.5	
58.62	
7.5	
73	
39731	
0
73.5	
56.98	
6	
56	
30185	
0
129	
57.43	
7	
72	
35837	
0
61.5	
55.2	
6	
66	
32566	
0
124	
58.38	
5	
75	
42399	
0
59	
57.82	
9	
58	
32101	
0
134.5	
49.75	
0	
53	
30032	
0
63	
58.31	
7	
50	
27797	
0
114	
59.04	
0	
76	
40927	
0
72	
60.02	
0	
70	
38213	
0
112.5	
59.08	
0	
77	
42274	
0
68	
60.23	
7	
62	
33958	
0
115	
58.39	
0	
72	
39529	
0
76	
51.31	
6	
73	
39474	
0
121.5	
56.76	
5.5	
80	
43493	
0
73	
58.61	
0	
53	
26489	
0
122.5	
58.6	
4.5	
70	
37529	
0
59	
54.73	
6.5	
52	
27720	
0
116	
57.24	
10	
65	
36635	
0
70	
60.9	
7	
49	
27165	
0
127.5	
56.34	
0	
96	
51147	
0
64.5	
55.89	
7.5	
57	
30722	
0
129	
56.92	
0	
70	
39700	
0
59	
54.96	
7.5	
67	
37828	
0
126.5	
57.43	
0	
81	
46604	
0
60.5	
56.16	
4.5	
51	
26912	
0
129	
55.85	
0	
62	
32314	
0
65	
56.6	
0	
73	
38357	
0
122.5	
58.92	
0	
72	
38873	
0
69.5	
56.31	
0	
76	
38951	
0
128.5	
58.05	
0	
91	
49835	
0
70.5	
51.05	
0	
76	
40997	
0
122	
57.23	
0	
71	
38425	
0
64	
59.36	
0	
46	
24470	
0
133.5	
58.98	
0	
92	
50290	
0
58.5	
58.68	
0	
50	
27891	
0
128	
61.52	
7	
60	
32429	
0
55	
60.12	
6	
46	
23440	
0
135.5	
60.47	
0	
57	
30184	
0
58	
61.72	
0	
31	
15979	
0
126.5	
57.08	
0	
85	
45866	
0
63	
61.2	
8	
60	
31575	
0
129	
58.71	
0	
71	
41266	
0
58	
62.01	
0	
48	
26196	
0
137.5	
61.92	
0	
57	
32182	
0
54	
60.62	
3	
42	
22518	
0
61	
63.74	
0	
48	
23035	
703
124	
61.66	
0	
57	
30422	
0
65	
61.15	
0	
50	
26461	
0
114	
60.64	
0	
50	
27389	
0
68	
59.92	
6	
48	
25747	
0
123	
58.88	
0	
59	
32188	
1361
64	
58.97	
8	
53	
29570	
1161
67	
60.12	
0	
40	
18926	
0
126	
60.21	
0	
57	
29858	
0
61	
52.8	
4	
35	
17926	
0
126	
61.28	
6	
47	
24357	
0
64.5	
59.56	
0	
41	
20620	
0
127.5	
59.61	
0	
50	
26088	
0
115.5	
58.88	
0	
31	
17322	
990
74	
61.03	
0	
33	
16689	
1036
118.5	
61.38	
0	
66	
36614	
0
63.5	
60.68	
0	
64	
34518	
0
123.5	
61.14	
0	
69	
37693	
0
60	
60.7	
4.5	
57	
28054	
0
122	
59.69	
0	
68	
35558	
609
61	
52.84	
8	
50	
26524	
0
125.5	
58.16	
0	
66	
35233	
0
66	
59.2	
0	
44	
23807	
0
132	
60.7	
0	
61	
31047	
800
61	
60.73	
6	
59	
32300	
1130
122	
58.24	
0	
66	
34751	
1267
65	
60.05	
6.5	
46	
23188	
760
125	
53.03	
0	
58	
31914	
1842
63	
58.69	
7	
50	
27290	
0
117	
60.61	
0	
61	
33135	
0
70.5	
60.19	
7.5	
53	
27238	
0
127	
51.91	
0	
65	
35733	
0
78	
59.98	
6	
51	
27659	
0
125	
57.81	
6.5	
65	
33912	
496
65.5	
58.91	
5	
45	
25296	
301
129.5	
56.75	
0	
70	
36677	
388
63.5	
58.18	
7.5	
61	
31960	
0
126	
59.61	
8.5	
68	
36439	
680
62	
58.63	
7	
40	
20880	
0
122	
60.58	
3.5	
81	
44490	
0
130	
60.06	
0	
45	
23071	
1948
61.5	
60.96	
0	
36	
18295	
1715
66.5	
57.09	
0	
41	
20678	
0
118	
61.92	
6	
53	
28471	
558
126	
59.22	
0	
48	
25630	
0
62.5	
59.68	
0	
43	
23804	
662
119.5	
58.21	
0	
44	
22584	
1265
64	
59.81	
0	
34	
17642	
0
120.5	
58.21	
7.5	
46	
23469	
1373
61	
55.5	
6.5	
36	
18361	
804
128.5	
60.71	
0	
46	
24808	
633
66.5	
57.66	
9.5	
37	
20687	
897
128	
61.21	
8	
51	
25369	
1027
61.5	
57.17	
4.5	
41	
19828	
0
125	
69.85	
0	
34	
19888	
1363
67	
62.22	
0	
29	
15132	
933
120	
57.99	
3.5	
66	
35473	
918
127	
56.95	
8.5	
64	
31952	
735
60	
56.52	
5	
55	
27622	
0
125	
55	
5	
45	
28234	
1234
73	
60	
3	
50	
39234	
1234
64	
57.84	
7.5	
52	
27091	
0
131	
59.01	
0	
55	
30377	
0
64	
57.08	
0	
43	
23524	
839
